For Direction Right
=================================================================
Standing:
[50.53383, 71.70167, 70.98521, 143.5988, 149.3034, 149.8307, 159.6543, 156.7756, 154.1894, 3.699729, 106.0729, 106.5448, 155.5669, 161.9039, 165.5407, 186.2971, 184.0026, 185.2193, 114.0895, 114.3172, 115.1182, 86.69373, 103.3635, 109.1528, 184.4065, 178.1894, 184.4776, 84.09245, 92.2449, 88.76698, 160.9948, 159.8697, 164.0856, 188.0103, 177.1631, 164.1969, 55.15691, 62.60381, 71.6963, 80.93515, 81.7383, 83.05446, 177.9367, 168.8546, 197.2276, 89.17561, 97.61957, 96.08014]
Lying:
[49.70567, 49.07117, 48.71159, 65.51585, 58.9613, 51.65455, 86.10933, 80.03184, 82.5534, 63.9936, 67.4789, 68.0345, 70.23688, 71.13696, 70.09616, 88.17017, 358.189435, 84.9245, 59.31693, 60.86734, 58.0876, 53.7923, 50.70646, 49.03409, 100.2132, 100.3481, 96.36997, 21.78572, 24.14973, 25.45453, 72.67011, 75.7094, 74.57513, 85.3945, 79.24265, 83.13329, 49.05125, 49.8222, 48.9132, 49.01257, 64.89323, 66.78634, 65.44509, 62.37548, 65.67355, 36.02751, 44.7314, 44.06808]
TtestResult(statistic=8.042445563566487, pvalue=2.2016506253918802e-10, df=47)
WilcoxonResult(statistic=69.0, pvalue=1.91209892363986e-09)


For Direction UpRight
=================================================================
Standing:
[49.07465, 48.23007, 42.91292, 136.1742, 143.0406, 134.9584, 158.3285, 169.1743, 155.7852, 85.2099, 91.31896, 92.91472, 123.0631, 138.6221, 153.0231, 177.8651, 187.829, 198.4999, 85.20977, 83.91241, 83.42668, 94.44766, 96.54553, 103.2604, 173.6604, 175.9966, 172.6313, 68.1906, 68.4325, 70.57316, 126.1091, 129.8453, 128.1559, 163.309, 169.3905, 165.6583, 56.27582, 57.49437, 58.91666, 65.33663, 71.08147, 81.48317, 162.1583, 162.2201, 201.2271, 68.30766, 72.49008, 76.24259]
Lying:
[42.84734, 37.36774, 41.04485, 54.58928, 51.04552, 40.53587, 73.36516, 75.92458, 74.85197, 45.16427, 45.8178, 44.55902, 65.23297, 63.04634, 60.16581, 71.56284, 87.91592, 87.8265, 35.52905, 31.75522, 32.55913, 23.2698, 26.34103, 29.21688, 87.41519, 82.00014, 86.48144, 21.73279, 15.76686, 19.07572, 45.53685, 45.41625, 44.61608, 52.45759, 64.70469, 57.51715, 20.44035, 21.12904, 20.65174, 27.43368, 38.36085, 37.99037, 57.1384, 67.57731, 71.32809, 28.68091, 26.87005, 27.90506]
TtestResult(statistic=15.642791162303105, pvalue=2.940679146314614e-20, df=47)
WilcoxonResult(statistic=0.0, pvalue=7.105427357601002e-15)


For Direction Up
=================================================================
Standing:
[64.07494, 52.72467, 62.01188, 92.87988, 95.7194, 90.56134, 103.3861, 120.1465, 132.1944, 83.60304, 64.58875, 53.86611, 114.2256, 123.5921, 117.7828, 97.15369, 103.9496, 103.4173, 82.09013, 83.47332, 85.52332, 66.1513, 54.49812, 65.92422, 131.0492, 124.7678, 126.4877, 71.74659, 69.81581, 74.01027, 70.70811, 73.19677, 75.02106, 87.67554, 88.39491, 85.23289, 51.63624, 60.38998, 60.42164, 65.99608, 59.75985, 59.80096, 87.36419, 86.57578, 85.26234, 79.83575, 83.2815, 75.227]
Lying:
[40.96485, 32.76833, 42.48214, 30.8431, 32.8627, 33.08999, 72.94717, 69.00081, 69.4077, 32.84927, 40.15926, 38.66674, 52.74954, 44.47921, 43.99491, 72.28638, 69.08872, 71.38173, 35.05338, 31.26757, 29.89089, 23.64235, 20.92974, 16.04258, 64.04873, 62.11165, 40.07857, 17.66006, 19.1102, 21.53218, 38.51784, 33.81714, 34.70186, 47.72734, 56.12539, 58.05112, 21.80104, 19.19114, 18.7228, 35.97327, 38.00153, 39.51653, 53.6076, 50.39023, 50.14996, 18.71538, 18.02124, 18.66286]
TtestResult(statistic=17.883149839072082, pvalue=1.3245764880434927e-22, df=47)
WilcoxonResult(statistic=0.0, pvalue=7.105427357601002e-15)


For Direction UpLeft
=================================================================
Standing:
[70.01582, 70.90609, 70.09445, 156.8702, 155.5979, 159.5798, 164.2331, 163.7717, 174.8548, 72.16635, 80.28273, 80.70247, 110.1346, 116.0311, 125.0933, 204.1677, 187.2368, 189.9904, 125.5494, 128.1902, 136.9298, 95.03702, 99.47839, 103.1729, 191.7586, 192.5985, 199.0611, 97.2907, 94.22472, 92.68558, 140.1629, 166.0393, 153.0695, 157.3007, 159.9118, 187.5188, 66.08438, 67.66277, 71.21167, 76.11796, 71.90623, 73.23871, 6.505568, 162.9349, 193.7632, 69.21581, 77.14108, 78.16869]
Lying:
[42.76872, 34.14167, 33.02292, 52.37044, 50.07355, 48.57123, 88.27863, 83.63956, 85.70329, 42.63436, 45.51987, 43.69989, 30.98145, 40.68885, 63.07341, 50.00988, 45.08726, 50.52525, 43.79399, 39.41107, 42.08707, 31.46714, 29.13776, 35.98189, 3.471529, 2.40371, 78.7684, 24.47015, 23.07537, 17.92862, 43.37873, 43.38356, 37.45509, 64.67461, 63.6309, 72.61248, 34.57012, 34.87524, 36.48652, 41.90546, 44.0233, 44.25363, 71.08415, 62.81491, 67.21557, 30.19989, 30.85378, 32.80493]
TtestResult(statistic=11.588969213082484, pvalue=2.225380339573289e-15, df=47)
WilcoxonResult(statistic=18.0, pvalue=1.7976731214730535e-12)


For Direction Left
=================================================================
Standing:
[80.28755, 78.97924, 81.91097, 153.2513, 161.0686, 148.9116, 193.3026, 191.4888, 176.3823, 94.85002, 98.76296, 95.94383, 144.4674, 158.7595, 166.1568, 184.0454, 197.5778, 190.2603, 86.30902, 96.73418, 105.4456, 109.4601, 105.2834, 109.937, 210.8477, 200.6878, 214.6156, 89.42992, 91.2001, 95.19027, 155.9614, 150.1035, 152.1291, 171.4504, 174.8257, 171.8081, 75.11786, 85.06834, 85.40019, 72.89329, 70.84879, 71.70807, 169.4285, 170.0974, 176.7162, 92.41221, 91.13511, 91.71871]
Lying:
[52.11119, 54.25222, 47.21586, 50.95223, 55.92642, 57.10603, 86.42919, 90.5149, 93.96249, 2.139546, 53.70313, 59.32196, 64.93949, 67.4437, 78.77822, 88.86717, 84.0392, 86.25496, 55.52709, 55.34542, 57.41827, 31.19763, 29.44127, 29.80374, 91.8923, 102.6238, 105.6792, 32.89094, 27.79881, 28.34031, 74.15862, 78.92841, 81.22784, 46.35373, 71.26547, 80.59841, 50.21198, 53.41939, 52.66259, 54.26932, 53.77559, 60.42551, 65.93626, 62.8135, 67.63958, 34.80522, 37.89486, 37.67905]
TtestResult(statistic=15.58351742290302, pvalue=3.417174954386521e-20, df=47)
WilcoxonResult(statistic=0.0, pvalue=7.105427357601002e-15)


For Direction DownLeft
=================================================================
Standing:
[80.85746, 72.02796, 75.1248, 139.6232, 136.7948, 131.7003, 183.4897, 186.9544, 182.8873, 71.07846, 65.10283, 70.51755, 67.12099, 60.18512, 68.58846, 176.8837, 181.4111, 181.2548, 86.32793, 79.15291, 80.39977, 89.82767, 103.5354, 104.1789, 198.6168, 209.1454, 225.0779, 75.47971, 74.40395, 62.87851, 140.8046, 149.6327, 155.8846, 187.6872, 193.4096, 194.6322, 61.43169, 68.28269, 75.44035, 66.39245, 65.00576, 67.28637, 203.5191, 191.0977, 193.1351, 86.74017, 88.4088, 89.48734]
Lying:
[67.1049, 61.94612, 66.78972, 50.37295, 25.48071, 24.04322, 68.21857, 70.24925, 69.71465, 1.24694, 47.1864, 51.9215, 61.49004, 86.58123, 83.52662, 88.67611, 100.2228, 101.4023, 36.5382, 37.14545, 41.27473, 47.1601, 62.56964, 69.71609, 93.73309, 90.09129, 93.40419, 36.04486, 29.65594, 28.78976, 76.25116, 82.63818, 87.78039, 52.33372, 67.68868, 75.88129, 26.7478, 22.95442, 21.17839, 54.75707, 63.7688, 70.17467, 98.58211, 90.69058, 87.00744, 35.95191, 35.14088, 39.32063]
TtestResult(statistic=9.746268104405354, pvalue=7.292018995272376e-13, df=47)
WilcoxonResult(statistic=21.0, pvalue=3.176126028847648e-12)


For Direction Down
=================================================================
Standing:
[53.04361, 55.76614, 54.90615, 89.42151, 90.55536, 94.61825, 144.6886, 148.6222, 142.4383, 61.41726, 58.07828, 63.64814, 73.74346, 80.24007, 87.70267, 86.18604, 82.10769, 71.57927, 85.04992, 88.97426, 89.55266, 74.57059, 70.57416, 68.42793, 169.999, 169.7146, 165.437, 54.61385, 53.7582, 52.61603, 71.67721, 64.14256, 65.42567, 157.7902, 144.843, 140.9881, 76.43824, 63.38115, 70.07291, 56.45487, 47.60753, 53.0221, 113.7828, 115.2515, 116.4476, 62.55819, 67.63975, 69.08993]
Lying:
[56.84796, 49.35654, 36.8003, 17.75223, 12.21537, 15.58811, 63.96622, 65.05487, 61.26888, 48.9005, 23.67387, 47.0354, 59.6424, 65.505, 62.88229, 153.9874, 140.9807, 151.6238, 25.01123, 23.52243, 21.94107, 47.38554, 46.90485, 49.8818, 166.7659, 167.1897, 162.3197, 29.48112, 36.29864, 42.23732, 37.3379, 39.86026, 44.29885, 17.23304, 20.98121, 27.23233, 18.11686, 15.49841, 13.79454, 38.42773, 27.19589, 36.85265, 80.15475, 79.6264, 82.18103, 31.85169, 37.38659, 33.90484]
TtestResult(statistic=5.497675085138138, pvalue=1.5363049873304873e-06, df=47)
WilcoxonResult(statistic=118.0, pvalue=1.5310867951257023e-07)


For Direction DownRight
=================================================================
Standing:
[59.39761, 56.02356, 51.98625, 124.7675, 115.9785, 121.3851, 144.3302, 149.2022, 164.1661, 65.72824, 69.89735, 71.49608, 83.26669, 83.38647, 84.23454, 170.3947, 173.4895, 169.7081, 101.4031, 98.69258, 103.1298, 102.1416, 114.4258, 103.3725, 195.3973, 223.3656, 216.4319, 76.54312, 77.67535, 80.35736, 156.8588, 158.929, 157.6664, 164.0547, 170.6381, 190.4859, 59.99816, 74.37425, 73.65741, 61.89493, 66.30146, 66.77651, 165.3849, 164.5639, 161.4989, 79.8279, 77.86752, 81.43197]
Lying:
[40.45267, 35.53097, 26.02932, 21.30793, 18.94035, 19.2908, 80.26057, 77.58105, 76.46151, 58.96113, 55.20745, 67.2417, 68.45829, 68.96569, 69.84142, 78.50807, 1.236222, 83.13708, 35.93826, 28.55824, 34.41288, 75.10657, 82.33235, 80.42722, 138.0478, 144.0229, 147.7867, 49.6864, 50.18841, 53.36959, 66.21121, 61.75242, 65.52911, 66.51028, 63.14722, 72.36434, 26.15215, 23.26396, 23.77237, 63.63333, 58.00452, 62.66267, 99.88908, 92.88659, 89.48389, 40.79608, 42.13455, 39.638]
TtestResult(statistic=10.123372890040619, pvalue=2.1527215201774494e-13, df=47)
WilcoxonResult(statistic=1.0, pvalue=1.4210854715202004e-14)


