For Direction Right
=================================================================
Standing:
[64.40690333333333, 147.57763333333335, 156.8731, 106.30885, 161.00383333333332, 185.173, 114.5083, 99.73667666666667, 182.35783333333333, 88.36811, 161.65003333333334, 176.45676666666668, 63.15234, 81.90930333333334, 181.33963333333335, 94.29177333333332]
Lying:
[49.16281, 58.710566666666665, 82.89819, 66.50233333333334, 70.49, 177.09470166666665, 59.42395666666667, 51.177616666666665, 98.97708999999999, 23.796660000000003, 74.31821333333333, 82.59014666666667, 49.26221666666667, 60.230713333333334, 64.49804, 41.60899666666666]
TtestResult(statistic=7.180760214803926, pvalue=3.1721952499547784e-06, df=15)
WilcoxonResult(statistic=0.0, pvalue=3.0517578125e-05)


For Direction UpRight
=================================================================
Standing:
[46.73921333333333, 138.05773333333335, 161.096, 89.81452666666667, 138.2361, 188.06466666666665, 84.18295333333333, 98.08453000000002, 174.0961, 69.06542, 128.03676666666667, 166.11926666666668, 57.56228333333333, 72.63375666666667, 175.20183333333333, 72.34677666666667]
Lying:
[40.41997666666666, 48.72355666666667, 74.71390333333333, 45.18036333333333, 62.81504, 82.43508666666666, 33.28113333333334, 26.275903333333332, 85.29892333333333, 18.858456666666665, 45.189726666666665, 58.22647666666666, 20.740376666666666, 34.594966666666664, 65.34793333333333, 27.818673333333333]
TtestResult(statistic=9.026897419935755, pvalue=1.8879773505506613e-07, df=15)
WilcoxonResult(statistic=0.0, pvalue=3.0517578125e-05)


For Direction Up
=================================================================
Standing:
[59.603829999999995, 93.05354, 118.57566666666666, 67.35263333333333, 118.5335, 101.50686333333333, 83.69559, 62.19121333333334, 127.43490000000001, 71.85755666666667, 72.97531333333335, 87.10111333333333, 57.48262, 61.85229666666667, 86.40077000000001, 79.44808333333333]
Lying:
[38.73844, 32.26526333333333, 70.45189333333333, 37.22509, 47.074553333333334, 70.91894333333333, 32.070613333333334, 20.204890000000002, 55.41298333333333, 19.434146666666667, 35.67894666666667, 53.96795, 19.904993333333334, 37.830443333333335, 51.382596666666664, 18.466493333333332]
TtestResult(statistic=11.048431873098304, pvalue=1.3255776138094259e-08, df=15)
WilcoxonResult(statistic=0.0, pvalue=3.0517578125e-05)


For Direction UpLeft
=================================================================
Standing:
[70.33878666666668, 157.3493, 167.61986666666667, 77.71718333333332, 117.08633333333334, 193.7983, 130.22313333333332, 99.22943666666667, 194.47273333333337, 94.73366666666668, 153.09056666666666, 168.2437666666667, 68.31960666666667, 73.7543, 178.34905, 74.84186]
Lying:
[36.64443666666667, 50.338406666666664, 85.87382666666667, 43.95137333333333, 44.91457, 48.540796666666665, 41.76404333333333, 32.19559666666667, 40.586055, 21.824713333333335, 41.40579333333333, 66.97266333333333, 35.31062666666667, 43.39413, 67.03820999999999, 31.286199999999997]
TtestResult(statistic=8.12664249821844, pvalue=7.092682771617011e-07, df=15)
WilcoxonResult(statistic=0.0, pvalue=3.0517578125e-05)


For Direction Left
=================================================================
Standing:
[80.39258666666667, 154.41049999999998, 187.05790000000002, 96.51893666666668, 156.46123333333333, 190.62783333333334, 96.16293333333333, 108.22683333333333, 208.71703333333335, 91.94009666666666, 152.7313333333333, 172.69473333333335, 81.86213, 71.81671666666666, 172.08069999999998, 91.75534333333333]
Lying:
[51.193090000000005, 54.66156, 90.30219333333334, 56.512545, 70.38713666666668, 86.38711, 56.09692666666666, 30.147546666666667, 100.06509999999999, 29.676686666666665, 78.10495666666667, 66.07253666666666, 52.097986666666664, 56.15680666666666, 65.46311333333334, 36.79304333333334]
TtestResult(statistic=8.7854585193852, pvalue=2.667702568392773e-07, df=15)
WilcoxonResult(statistic=0.0, pvalue=3.0517578125e-05)


For Direction DownLeft
=================================================================
Standing:
[76.00340666666666, 136.03943333333333, 184.4438, 68.89961333333333, 65.29818999999999, 179.84986666666668, 81.96020333333333, 99.18065666666666, 210.9467, 70.92072333333333, 148.77396666666667, 191.90966666666668, 68.38491, 66.22819333333332, 195.91729999999998, 88.21210333333333]
Lying:
[65.28024666666667, 33.29896, 69.39415666666667, 49.55395, 77.19929666666667, 96.76706999999999, 38.31946, 59.81527666666667, 92.40952333333333, 31.496853333333334, 82.22324333333334, 65.30123, 23.62687, 62.90018, 92.09337666666666, 36.804473333333334]
TtestResult(statistic=5.428836306171306, pvalue=6.978732215395916e-05, df=15)
WilcoxonResult(statistic=3.0, pvalue=0.000152587890625)


For Direction Down
=================================================================
Standing:
[54.57196666666667, 91.53170666666666, 145.2497, 61.04789333333333, 80.56206666666667, 79.95766666666667, 87.85894666666667, 71.19089333333334, 168.38353333333333, 53.66269333333333, 67.08181333333333, 147.87376666666668, 69.96409999999999, 52.3615, 115.16063333333334, 66.42929]
Lying:
[47.66826666666666, 15.185236666666668, 63.42999, 39.86992333333333, 62.67656333333333, 148.86396666666667, 23.491576666666663, 48.05739666666667, 165.42510000000001, 36.00569333333333, 40.49900333333333, 21.815526666666667, 15.80327, 34.15875666666667, 80.65406, 34.38104]
TtestResult(statistic=3.1355255056419744, pvalue=0.006804821146333597, df=15)
WilcoxonResult(statistic=13.0, pvalue=0.002685546875)


For Direction DownRight
=================================================================
Standing:
[55.80247333333333, 120.71036666666667, 152.56616666666665, 69.04055666666666, 83.62923333333333, 171.19743333333335, 101.07516, 106.64663333333333, 211.7316, 78.19194333333333, 157.81806666666668, 175.05956666666665, 69.34327333333333, 64.99096666666667, 163.81589999999997, 79.70913]
Lying:
[34.00432, 19.84636, 78.10104333333334, 60.47009333333333, 69.08846666666666, 80.822575, 32.969793333333335, 79.28871333333335, 143.2858, 51.081466666666664, 64.49758, 67.34061333333334, 24.39616, 61.433506666666666, 94.08652000000001, 40.85621]
TtestResult(statistic=6.209874939323229, pvalue=1.670145874434259e-05, df=15)
WilcoxonResult(statistic=0.0, pvalue=3.0517578125e-05)


