For Direction 0
=================================================================
Standing:
[2, 1, 1, 2, 1, 2, 3, 2, 2, 1, 2, 1, 4, 1, 3, 2]
Lying:
[3, 2, 5, 3, 4, 3, 3, 2, 1, 3, 3, 1, 4, 1, 5, 4]
WilcoxonResult(statistic=3.5, pvalue=0.007474737075047495)


For Direction 45
=================================================================
Standing:
[3, 3, 3, 1, 1, 3, 3, 4, 1, 2, 4, 1, 5, 1, 2, 2]
Lying:
[1, 5, 5, 3, 6, 3, 4, 6, 3, 5, 6, 2, 7, 2, 5, 6]
WilcoxonResult(statistic=7.5, pvalue=0.0023911337323935604)


For Direction 90
=================================================================
Standing:
[1, 3, 4, 2, 1, 3, 4, 2, 1, 1, 3, 1, 4, 1, 2, 1]
Lying:
[1, 4, 3, 3, 4, 2, 5, 5, 1, 3, 4, 1, 4, 1, 5, 4]
WilcoxonResult(statistic=7.0, pvalue=0.018036975635797568)


For Direction 135
=================================================================
Standing:
[3, 2, 2, 2, 1, 2, 4, 3, 2, 2, 4, 1, 5, 1, 2, 1]
Lying:
[4, 5, 3, 3, 6, 2, 5, 6, 3, 4, 3, 2, 5, 1, 6, 6]
WilcoxonResult(statistic=4.0, pvalue=0.0031469433968962495)


For Direction 180
=================================================================
Standing:
[1, 1, 2, 3, 1, 2, 3, 3, 1, 1, 2, 1, 4, 1, 2, 1]
Lying:
[4, 2, 4, 2, 4, 3, 3, 5, 2, 3, 5, 4, 4, 1, 4, 5]
WilcoxonResult(statistic=2.5, pvalue=0.0024214671485259195)


For Direction 225
=================================================================
Standing:
[1, 2, 2, 4, 1, 3, 3, 4, 1, 2, 2, 1, 6, 1, 3, 1]
Lying:
[3, 6, 5, 6, 4, 6, 5, 4, 1, 5, 3, 5, 6, 2, 5, 6]
WilcoxonResult(statistic=0.0, pvalue=0.0013677633356993567)


For Direction 270
=================================================================
Standing:
[2, 1, 1, 3, 2, 3, 2, 2, 1, 2, 2, 1, 3, 1, 3, 1]
Lying:
[4, 5, 5, 5, 2, 5, 5, 4, 2, 3, 5, 6, 7, 2, 6, 4]
WilcoxonResult(statistic=0.0, pvalue=0.0006099006719140634)


For Direction 315
=================================================================
Standing:
[2, 2, 1, 3, 1, 3, 3, 2, 2, 1, 3, 1, 5, 1, 2, 1]
Lying:
[6, 6, 6, 6, 3, 7, 5, 5, 3, 4, 4, 7, 6, 2, 6, 5]
WilcoxonResult(statistic=0.0, pvalue=3.0517578125e-05)


